0.916667 -0.208333 0 0 0 -0.208333 -0.4375 0 0 0 0 0 0 0 0 0 0 0 0 0 0 0 0 0 0 0.416667 -0.125 0 0 0 -0.125 -0.229167 0 0 0 0 0 0 0 0 0 0 0 0 0 0 0 0 0 0 0 0 0 0 0 0 0 0 0 0 0 0 0 0 0 0 0 0 0 0 0 0 0 0 0 0 0 0 0 0 0 0 0 0 0 0 0 0 0 0 0 0 0 0 0 0 0 0 0 0 0 0 0 0 0 0 0 0 0 0 0 0 0 0 0 0 0 0 0 0 0 0 0 0 0 
-0.208333 2.08333 0.25 0 0 -0.4375 -0.958333 -0.541667 0 0 0 0 0 0 0 0 0 0 0 0 0 0 0 0 0 -0.125 0.916667 0.0833333 0 0 -0.229167 -0.541667 -0.291667 0 0 0 0 0 0 0 0 0 0 0 0 0 0 0 0 0 0 0 0 0 0 0 0 0 0 0 0 0 0 0 0 0 0 0 0 0 0 0 0 0 0 0 0 0 0 0 0 0 0 0 0 0 0 0 0 0 0 0 0 0 0 0 0 0 0 0 0 0 0 0 0 0 0 0 0 0 0 0 0 0 0 0 0 0 0 0 0 0 0 0 0 
0 0.25 2.33333 0.25 0 0 -0.541667 -1.5 -0.541667 0 0 0 0 0 0 0 0 0 0 0 0 0 0 0 0 0 0.0833333 1 0.0833333 0 0 -0.291667 -0.833333 -0.291667 0 0 0 0 0 0 0 0 0 0 0 0 0 0 0 0 0 0 0 0 0 0 0 0 0 0 0 0 0 0 0 0 0 0 0 0 0 0 0 0 0 0 0 0 0 0 0 0 0 0 0 0 0 0 0 0 0 0 0 0 0 0 0 0 0 0 0 0 0 0 0 0 0 0 0 0 0 0 0 0 0 0 0 0 0 0 0 0 0 0 0 
0 0 0.25 2.08333 -0.208333 0 0 -0.541667 -0.958333 -0.4375 0 0 0 0 0 0 0 0 0 0 0 0 0 0 0 0 0 0.0833333 0.916667 -0.125 0 0 -0.291667 -0.541667 -0.229167 0 0 0 0 0 0 0 0 0 0 0 0 0 0 0 0 0 0 0 0 0 0 0 0 0 0 0 0 0 0 0 0 0 0 0 0 0 0 0 0 0 0 0 0 0 0 0 0 0 0 0 0 0 0 0 0 0 0 0 0 0 0 0 0 0 0 0 0 0 0 0 0 0 0 0 0 0 0 0 0 0 0 0 0 0 0 0 0 0 0 
0 0 0 -0.208333 0.916667 0 0 0 -0.4375 -0.208333 0 0 0 0 0 0 0 0 0 0 0 0 0 0 0 0 0 0 -0.125 0.416667 0 0 0 -0.229167 -0.125 0 0 0 0 0 0 0 0 0 0 0 0 0 0 0 0 0 0 0 0 0 0 0 0 0 0 0 0 0 0 0 0 0 0 0 0 0 0 0 0 0 0 0 0 0 0 0 0 0 0 0 0 0 0 0 0 0 0 0 0 0 0 0 0 0 0 0 0 0 0 0 0 0 0 0 0 0 0 0 0 0 0 0 0 0 0 0 0 0 0 
-0.208333 -0.4375 0 0 0 1.83333 -0.416667 0 0 0 -0.208333 -0.4375 0 0 0 0 0 0 0 0 0 0 0 0 0 -0.125 -0.229167 0 0 0 0.833333 -0.25 0 0 0 -0.125 -0.229167 0 0 0 0 0 0 0 0 0 0 0 0 0 0 0 0 0 0 0 0 0 0 0 0 0 0 0 0 0 0 0 0 0 0 0 0 0 0 0 0 0 0 0 0 0 0 0 0 0 0 0 0 0 0 0 0 0 0 0 0 0 0 0 0 0 0 0 0 0 0 0 0 0 0 0 0 0 0 0 0 0 0 0 0 0 0 0 0 
-0.4375 -0.958333 -0.541667 0 0 -0.416667 4.16667 0.5 0 0 -0.4375 -0.958333 -0.541667 0 0 0 0 0 0 0 0 0 0 0 0 -0.229167 -0.541667 -0.291667 0 0 -0.25 1.83333 0.166667 0 0 -0.229167 -0.541667 -0.291667 0 0 0 0 0 0 0 0 0 0 0 0 0 0 0 0 0 0 0 0 0 0 0 0 0 0 0 0 0 0 0 0 0 0 0 0 0 0 0 0 0 0 0 0 0 0 0 0 0 0 0 0 0 0 0 0 0 0 0 0 0 0 0 0 0 0 0 0 0 0 0 0 0 0 0 0 0 0 0 0 0 0 0 0 0 0 0 
0 -0.541667 -1.5 -0.541667 0 0 0.5 4.66667 0.5 0 0 -0.541667 -1.5 -0.541667 0 0 0 0 0 0 0 0 0 0 0 0 -0.291667 -0.833333 -0.291667 0 0 0.166667 2 0.166667 0 0 -0.291667 -0.833333 -0.291667 0 0 0 0 0 0 0 0 0 0 0 0 0 0 0 0 0 0 0 0 0 0 0 0 0 0 0 0 0 0 0 0 0 0 0 0 0 0 0 0 0 0 0 0 0 0 0 0 0 0 0 0 0 0 0 0 0 0 0 0 0 0 0 0 0 0 0 0 0 0 0 0 0 0 0 0 0 0 0 0 0 0 0 0 0 0 
0 0 -0.541667 -0.958333 -0.4375 0 0 0.5 4.16667 -0.416667 0 0 -0.541667 -0.958333 -0.4375 0 0 0 0 0 0 0 0 0 0 0 0 -0.291667 -0.541667 -0.229167 0 0 0.166667 1.83333 -0.25 0 0 -0.291667 -0.541667 -0.229167 0 0 0 0 0 0 0 0 0 0 0 0 0 0 0 0 0 0 0 0 0 0 0 0 0 0 0 0 0 0 0 0 0 0 0 0 0 0 0 0 0 0 0 0 0 0 0 0 0 0 0 0 0 0 0 0 0 0 0 0 0 0 0 0 0 0 0 0 0 0 0 0 0 0 0 0 0 0 0 0 0 0 0 0 0 
0 0 0 -0.4375 -0.208333 0 0 0 -0.416667 1.83333 0 0 0 -0.4375 -0.208333 0 0 0 0 0 0 0 0 0 0 0 0 0 -0.229167 -0.125 0 0 0 -0.25 0.833333 0 0 0 -0.229167 -0.125 0 0 0 0 0 0 0 0 0 0 0 0 0 0 0 0 0 0 0 0 0 0 0 0 0 0 0 0 0 0 0 0 0 0 0 0 0 0 0 0 0 0 0 0 0 0 0 0 0 0 0 0 0 0 0 0 0 0 0 0 0 0 0 0 0 0 0 0 0 0 0 0 0 0 0 0 0 0 0 0 0 0 0 0 0 
0 0 0 0 0 -0.208333 -0.4375 0 0 0 1.83333 -0.416667 0 0 0 -0.208333 -0.4375 0 0 0 0 0 0 0 0 0 0 0 0 0 -0.125 -0.229167 0 0 0 0.833333 -0.25 0 0 0 -0.125 -0.229167 0 0 0 0 0 0 0 0 0 0 0 0 0 0 0 0 0 0 0 0 0 0 0 0 0 0 0 0 0 0 0 0 0 0 0 0 0 0 0 0 0 0 0 0 0 0 0 0 0 0 0 0 0 0 0 0 0 0 0 0 0 0 0 0 0 0 0 0 0 0 0 0 0 0 0 0 0 0 0 0 0 0 0 
0 0 0 0 0 -0.4375 -0.958333 -0.541667 0 0 -0.416667 4.16667 0.5 0 0 -0.4375 -0.958333 -0.541667 0 0 0 0 0 0 0 0 0 0 0 0 -0.229167 -0.541667 -0.291667 0 0 -0.25 1.83333 0.166667 0 0 -0.229167 -0.541667 -0.291667 0 0 0 0 0 0 0 0 0 0 0 0 0 0 0 0 0 0 0 0 0 0 0 0 0 0 0 0 0 0 0 0 0 0 0 0 0 0 0 0 0 0 0 0 0 0 0 0 0 0 0 0 0 0 0 0 0 0 0 0 0 0 0 0 0 0 0 0 0 0 0 0 0 0 0 0 0 0 0 0 0 0 
0 0 0 0 0 0 -0.541667 -1.5 -0.541667 0 0 0.5 4.66667 0.5 0 0 -0.541667 -1.5 -0.541667 0 0 0 0 0 0 0 0 0 0 0 0 -0.291667 -0.833333 -0.291667 0 0 0.166667 2 0.166667 0 0 -0.291667 -0.833333 -0.291667 0 0 0 0 0 0 0 0 0 0 0 0 0 0 0 0 0 0 0 0 0 0 0 0 0 0 0 0 0 0 0 0 0 0 0 0 0 0 0 0 0 0 0 0 0 0 0 0 0 0 0 0 0 0 0 0 0 0 0 0 0 0 0 0 0 0 0 0 0 0 0 0 0 0 0 0 0 0 0 0 0 
0 0 0 0 0 0 0 -0.541667 -0.958333 -0.4375 0 0 0.5 4.16667 -0.416667 0 0 -0.541667 -0.958333 -0.4375 0 0 0 0 0 0 0 0 0 0 0 0 -0.291667 -0.541667 -0.229167 0 0 0.166667 1.83333 -0.25 0 0 -0.291667 -0.541667 -0.229167 0 0 0 0 0 0 0 0 0 0 0 0 0 0 0 0 0 0 0 0 0 0 0 0 0 0 0 0 0 0 0 0 0 0 0 0 0 0 0 0 0 0 0 0 0 0 0 0 0 0 0 0 0 0 0 0 0 0 0 0 0 0 0 0 0 0 0 0 0 0 0 0 0 0 0 0 0 0 0 0 
0 0 0 0 0 0 0 0 -0.4375 -0.208333 0 0 0 -0.416667 1.83333 0 0 0 -0.4375 -0.208333 0 0 0 0 0 0 0 0 0 0 0 0 0 -0.229167 -0.125 0 0 0 -0.25 0.833333 0 0 0 -0.229167 -0.125 0 0 0 0 0 0 0 0 0 0 0 0 0 0 0 0 0 0 0 0 0 0 0 0 0 0 0 0 0 0 0 0 0 0 0 0 0 0 0 0 0 0 0 0 0 0 0 0 0 0 0 0 0 0 0 0 0 0 0 0 0 0 0 0 0 0 0 0 0 0 0 0 0 0 0 0 0 0 0 0 
0 0 0 0 0 0 0 0 0 0 -0.208333 -0.4375 0 0 0 1.83333 -0.416667 0 0 0 -0.208333 -0.4375 0 0 0 0 0 0 0 0 0 0 0 0 0 -0.125 -0.229167 0 0 0 0.833333 -0.25 0 0 0 -0.125 -0.229167 0 0 0 0 0 0 0 0 0 0 0 0 0 0 0 0 0 0 0 0 0 0 0 0 0 0 0 0 0 0 0 0 0 0 0 0 0 0 0 0 0 0 0 0 0 0 0 0 0 0 0 0 0 0 0 0 0 0 0 0 0 0 0 0 0 0 0 0 0 0 0 0 0 0 0 0 0 0 
0 0 0 0 0 0 0 0 0 0 -0.4375 -0.958333 -0.541667 0 0 -0.416667 4.16667 0.5 0 0 -0.4375 -0.958333 -0.541667 0 0 0 0 0 0 0 0 0 0 0 0 -0.229167 -0.541667 -0.291667 0 0 -0.25 1.83333 0.166667 0 0 -0.229167 -0.541667 -0.291667 0 0 0 0 0 0 0 0 0 0 0 0 0 0 0 0 0 0 0 0 0 0 0 0 0 0 0 0 0 0 0 0 0 0 0 0 0 0 0 0 0 0 0 0 0 0 0 0 0 0 0 0 0 0 0 0 0 0 0 0 0 0 0 0 0 0 0 0 0 0 0 0 0 0 0 0 0 
0 0 0 0 0 0 0 0 0 0 0 -0.541667 -1.5 -0.541667 0 0 0.5 4.66667 0.5 0 0 -0.541667 -1.5 -0.541667 0 0 0 0 0 0 0 0 0 0 0 0 -0.291667 -0.833333 -0.291667 0 0 0.166667 2 0.166667 0 0 -0.291667 -0.833333 -0.291667 0 0 0 0 0 0 0 0 0 0 0 0 0 0 0 0 0 0 0 0 0 0 0 0 0 0 0 0 0 0 0 0 0 0 0 0 0 0 0 0 0 0 0 0 0 0 0 0 0 0 0 0 0 0 0 0 0 0 0 0 0 0 0 0 0 0 0 0 0 0 0 0 0 0 0 0 
0 0 0 0 0 0 0 0 0 0 0 0 -0.541667 -0.958333 -0.4375 0 0 0.5 4.16667 -0.416667 0 0 -0.541667 -0.958333 -0.4375 0 0 0 0 0 0 0 0 0 0 0 0 -0.291667 -0.541667 -0.229167 0 0 0.166667 1.83333 -0.25 0 0 -0.291667 -0.541667 -0.229167 0 0 0 0 0 0 0 0 0 0 0 0 0 0 0 0 0 0 0 0 0 0 0 0 0 0 0 0 0 0 0 0 0 0 0 0 0 0 0 0 0 0 0 0 0 0 0 0 0 0 0 0 0 0 0 0 0 0 0 0 0 0 0 0 0 0 0 0 0 0 0 0 0 0 0 
0 0 0 0 0 0 0 0 0 0 0 0 0 -0.4375 -0.208333 0 0 0 -0.416667 1.83333 0 0 0 -0.4375 -0.208333 0 0 0 0 0 0 0 0 0 0 0 0 0 -0.229167 -0.125 0 0 0 -0.25 0.833333 0 0 0 -0.229167 -0.125 0 0 0 0 0 0 0 0 0 0 0 0 0 0 0 0 0 0 0 0 0 0 0 0 0 0 0 0 0 0 0 0 0 0 0 0 0 0 0 0 0 0 0 0 0 0 0 0 0 0 0 0 0 0 0 0 0 0 0 0 0 0 0 0 0 0 0 0 0 0 0 0 0 0 0 
0 0 0 0 0 0 0 0 0 0 0 0 0 0 0 -0.208333 -0.4375 0 0 0 0.916667 -0.208333 0 0 0 0 0 0 0 0 0 0 0 0 0 0 0 0 0 0 -0.125 -0.229167 0 0 0 0.416667 -0.125 0 0 0 0 0 0 0 0 0 0 0 0 0 0 0 0 0 0 0 0 0 0 0 0 0 0 0 0 0 0 0 0 0 0 0 0 0 0 0 0 0 0 0 0 0 0 0 0 0 0 0 0 0 0 0 0 0 0 0 0 0 0 0 0 0 0 0 0 0 0 0 0 0 0 0 0 0 0 
0 0 0 0 0 0 0 0 0 0 0 0 0 0 0 -0.4375 -0.958333 -0.541667 0 0 -0.208333 2.08333 0.25 0 0 0 0 0 0 0 0 0 0 0 0 0 0 0 0 0 -0.229167 -0.541667 -0.291667 0 0 -0.125 0.916667 0.0833333 0 0 0 0 0 0 0 0 0 0 0 0 0 0 0 0 0 0 0 0 0 0 0 0 0 0 0 0 0 0 0 0 0 0 0 0 0 0 0 0 0 0 0 0 0 0 0 0 0 0 0 0 0 0 0 0 0 0 0 0 0 0 0 0 0 0 0 0 0 0 0 0 0 0 0 0 0 
0 0 0 0 0 0 0 0 0 0 0 0 0 0 0 0 -0.541667 -1.5 -0.541667 0 0 0.25 2.33333 0.25 0 0 0 0 0 0 0 0 0 0 0 0 0 0 0 0 0 -0.291667 -0.833333 -0.291667 0 0 0.0833333 1 0.0833333 0 0 0 0 0 0 0 0 0 0 0 0 0 0 0 0 0 0 0 0 0 0 0 0 0 0 0 0 0 0 0 0 0 0 0 0 0 0 0 0 0 0 0 0 0 0 0 0 0 0 0 0 0 0 0 0 0 0 0 0 0 0 0 0 0 0 0 0 0 0 0 0 0 0 0 0 
0 0 0 0 0 0 0 0 0 0 0 0 0 0 0 0 0 -0.541667 -0.958333 -0.4375 0 0 0.25 2.08333 -0.208333 0 0 0 0 0 0 0 0 0 0 0 0 0 0 0 0 0 -0.291667 -0.541667 -0.229167 0 0 0.0833333 0.916667 -0.125 0 0 0 0 0 0 0 0 0 0 0 0 0 0 0 0 0 0 0 0 0 0 0 0 0 0 0 0 0 0 0 0 0 0 0 0 0 0 0 0 0 0 0 0 0 0 0 0 0 0 0 0 0 0 0 0 0 0 0 0 0 0 0 0 0 0 0 0 0 0 0 0 0 0 0 
0 0 0 0 0 0 0 0 0 0 0 0 0 0 0 0 0 0 -0.4375 -0.208333 0 0 0 -0.208333 0.916667 0 0 0 0 0 0 0 0 0 0 0 0 0 0 0 0 0 0 -0.229167 -0.125 0 0 0 -0.125 0.416667 0 0 0 0 0 0 0 0 0 0 0 0 0 0 0 0 0 0 0 0 0 0 0 0 0 0 0 0 0 0 0 0 0 0 0 0 0 0 0 0 0 0 0 0 0 0 0 0 0 0 0 0 0 0 0 0 0 0 0 0 0 0 0 0 0 0 0 0 0 0 0 0 0 0 0 
0.416667 -0.125 0 0 0 -0.125 -0.229167 0 0 0 0 0 0 0 0 0 0 0 0 0 0 0 0 0 0 1.62037 -0.356481 0 0 0 -0.356481 -0.761574 0 0 0 0 0 0 0 0 0 0 0 0 0 0 0 0 0 0 0.296296 -0.101852 0 0 0 -0.101852 -0.175926 0 0 0 0 0 0 0 0 0 0 0 0 0 0 0 0 0 0 0 0 0 0 0 0 0 0 0 0 0 0 0 0 0 0 0 0 0 0 0 0 0 0 0 0 0 0 0 0 0 0 0 0 0 0 0 0 0 0 0 0 0 0 0 0 0 0 0 0 
-0.125 0.916667 0.0833333 0 0 -0.229167 -0.541667 -0.291667 0 0 0 0 0 0 0 0 0 0 0 0 0 0 0 0 0 -0.356481 3.69444 0.453704 0 0 -0.761574 -1.65278 -0.939815 0 0 0 0 0 0 0 0 0 0 0 0 0 0 0 0 0 -0.101852 0.638889 0.0462963 0 0 -0.175926 -0.430556 -0.226852 0 0 0 0 0 0 0 0 0 0 0 0 0 0 0 0 0 0 0 0 0 0 0 0 0 0 0 0 0 0 0 0 0 0 0 0 0 0 0 0 0 0 0 0 0 0 0 0 0 0 0 0 0 0 0 0 0 0 0 0 0 0 0 0 0 0 0 
0 0.0833333 1 0.0833333 0 0 -0.291667 -0.833333 -0.291667 0 0 0 0 0 0 0 0 0 0 0 0 0 0 0 0 0 0.453704 4.14815 0.453704 0 0 -0.939815 -2.59259 -0.939815 0 0 0 0 0 0 0 0 0 0 0 0 0 0 0 0 0 0.0462963 0.685185 0.0462963 0 0 -0.226852 -0.657407 -0.226852 0 0 0 0 0 0 0 0 0 0 0 0 0 0 0 0 0 0 0 0 0 0 0 0 0 0 0 0 0 0 0 0 0 0 0 0 0 0 0 0 0 0 0 0 0 0 0 0 0 0 0 0 0 0 0 0 0 0 0 0 0 0 0 0 0 0 
0 0 0.0833333 0.916667 -0.125 0 0 -0.291667 -0.541667 -0.229167 0 0 0 0 0 0 0 0 0 0 0 0 0 0 0 0 0 0.453704 3.69444 -0.356481 0 0 -0.939815 -1.65278 -0.761574 0 0 0 0 0 0 0 0 0 0 0 0 0 0 0 0 0 0.0462963 0.638889 -0.101852 0 0 -0.226852 -0.430556 -0.175926 0 0 0 0 0 0 0 0 0 0 0 0 0 0 0 0 0 0 0 0 0 0 0 0 0 0 0 0 0 0 0 0 0 0 0 0 0 0 0 0 0 0 0 0 0 0 0 0 0 0 0 0 0 0 0 0 0 0 0 0 0 0 0 0 0 
0 0 0 -0.125 0.416667 0 0 0 -0.229167 -0.125 0 0 0 0 0 0 0 0 0 0 0 0 0 0 0 0 0 0 -0.356481 1.62037 0 0 0 -0.761574 -0.356481 0 0 0 0 0 0 0 0 0 0 0 0 0 0 0 0 0 0 -0.101852 0.296296 0 0 0 -0.175926 -0.101852 0 0 0 0 0 0 0 0 0 0 0 0 0 0 0 0 0 0 0 0 0 0 0 0 0 0 0 0 0 0 0 0 0 0 0 0 0 0 0 0 0 0 0 0 0 0 0 0 0 0 0 0 0 0 0 0 0 0 0 0 0 0 0 0 0 
-0.125 -0.229167 0 0 0 0.833333 -0.25 0 0 0 -0.125 -0.229167 0 0 0 0 0 0 0 0 0 0 0 0 0 -0.356481 -0.761574 0 0 0 3.24074 -0.712963 0 0 0 -0.356481 -0.761574 0 0 0 0 0 0 0 0 0 0 0 0 0 -0.101852 -0.175926 0 0 0 0.592593 -0.203704 0 0 0 -0.101852 -0.175926 0 0 0 0 0 0 0 0 0 0 0 0 0 0 0 0 0 0 0 0 0 0 0 0 0 0 0 0 0 0 0 0 0 0 0 0 0 0 0 0 0 0 0 0 0 0 0 0 0 0 0 0 0 0 0 0 0 0 0 0 0 0 0 
-0.229167 -0.541667 -0.291667 0 0 -0.25 1.83333 0.166667 0 0 -0.229167 -0.541667 -0.291667 0 0 0 0 0 0 0 0 0 0 0 0 -0.761574 -1.65278 -0.939815 0 0 -0.712963 7.38889 0.907407 0 0 -0.761574 -1.65278 -0.939815 0 0 0 0 0 0 0 0 0 0 0 0 -0.175926 -0.430556 -0.226852 0 0 -0.203704 1.27778 0.0925926 0 0 -0.175926 -0.430556 -0.226852 0 0 0 0 0 0 0 0 0 0 0 0 0 0 0 0 0 0 0 0 0 0 0 0 0 0 0 0 0 0 0 0 0 0 0 0 0 0 0 0 0 0 0 0 0 0 0 0 0 0 0 0 0 0 0 0 0 0 0 0 0 0 
0 -0.291667 -0.833333 -0.291667 0 0 0.166667 2 0.166667 0 0 -0.291667 -0.833333 -0.291667 0 0 0 0 0 0 0 0 0 0 0 0 -0.939815 -2.59259 -0.939815 0 0 0.907407 8.2963 0.907407 0 0 -0.939815 -2.59259 -0.939815 0 0 0 0 0 0 0 0 0 0 0 0 -0.226852 -0.657407 -0.226852 0 0 0.0925926 1.37037 0.0925926 0 0 -0.226852 -0.657407 -0.226852 0 0 0 0 0 0 0 0 0 0 0 0 0 0 0 0 0 0 0 0 0 0 0 0 0 0 0 0 0 0 0 0 0 0 0 0 0 0 0 0 0 0 0 0 0 0 0 0 0 0 0 0 0 0 0 0 0 0 0 0 0 
0 0 -0.291667 -0.541667 -0.229167 0 0 0.166667 1.83333 -0.25 0 0 -0.291667 -0.541667 -0.229167 0 0 0 0 0 0 0 0 0 0 0 0 -0.939815 -1.65278 -0.761574 0 0 0.907407 7.38889 -0.712963 0 0 -0.939815 -1.65278 -0.761574 0 0 0 0 0 0 0 0 0 0 0 0 -0.226852 -0.430556 -0.175926 0 0 0.0925926 1.27778 -0.203704 0 0 -0.226852 -0.430556 -0.175926 0 0 0 0 0 0 0 0 0 0 0 0 0 0 0 0 0 0 0 0 0 0 0 0 0 0 0 0 0 0 0 0 0 0 0 0 0 0 0 0 0 0 0 0 0 0 0 0 0 0 0 0 0 0 0 0 0 0 0 0 
0 0 0 -0.229167 -0.125 0 0 0 -0.25 0.833333 0 0 0 -0.229167 -0.125 0 0 0 0 0 0 0 0 0 0 0 0 0 -0.761574 -0.356481 0 0 0 -0.712963 3.24074 0 0 0 -0.761574 -0.356481 0 0 0 0 0 0 0 0 0 0 0 0 0 -0.175926 -0.101852 0 0 0 -0.203704 0.592593 0 0 0 -0.175926 -0.101852 0 0 0 0 0 0 0 0 0 0 0 0 0 0 0 0 0 0 0 0 0 0 0 0 0 0 0 0 0 0 0 0 0 0 0 0 0 0 0 0 0 0 0 0 0 0 0 0 0 0 0 0 0 0 0 0 0 0 0 0 
0 0 0 0 0 -0.125 -0.229167 0 0 0 0.833333 -0.25 0 0 0 -0.125 -0.229167 0 0 0 0 0 0 0 0 0 0 0 0 0 -0.356481 -0.761574 0 0 0 3.24074 -0.712963 0 0 0 -0.356481 -0.761574 0 0 0 0 0 0 0 0 0 0 0 0 0 -0.101852 -0.175926 0 0 0 0.592593 -0.203704 0 0 0 -0.101852 -0.175926 0 0 0 0 0 0 0 0 0 0 0 0 0 0 0 0 0 0 0 0 0 0 0 0 0 0 0 0 0 0 0 0 0 0 0 0 0 0 0 0 0 0 0 0 0 0 0 0 0 0 0 0 0 0 0 0 0 0 
0 0 0 0 0 -0.229167 -0.541667 -0.291667 0 0 -0.25 1.83333 0.166667 0 0 -0.229167 -0.541667 -0.291667 0 0 0 0 0 0 0 0 0 0 0 0 -0.761574 -1.65278 -0.939815 0 0 -0.712963 7.38889 0.907407 0 0 -0.761574 -1.65278 -0.939815 0 0 0 0 0 0 0 0 0 0 0 0 -0.175926 -0.430556 -0.226852 0 0 -0.203704 1.27778 0.0925926 0 0 -0.175926 -0.430556 -0.226852 0 0 0 0 0 0 0 0 0 0 0 0 0 0 0 0 0 0 0 0 0 0 0 0 0 0 0 0 0 0 0 0 0 0 0 0 0 0 0 0 0 0 0 0 0 0 0 0 0 0 0 0 0 0 0 0 0 
0 0 0 0 0 0 -0.291667 -0.833333 -0.291667 0 0 0.166667 2 0.166667 0 0 -0.291667 -0.833333 -0.291667 0 0 0 0 0 0 0 0 0 0 0 0 -0.939815 -2.59259 -0.939815 0 0 0.907407 8.2963 0.907407 0 0 -0.939815 -2.59259 -0.939815 0 0 0 0 0 0 0 0 0 0 0 0 -0.226852 -0.657407 -0.226852 0 0 0.0925926 1.37037 0.0925926 0 0 -0.226852 -0.657407 -0.226852 0 0 0 0 0 0 0 0 0 0 0 0 0 0 0 0 0 0 0 0 0 0 0 0 0 0 0 0 0 0 0 0 0 0 0 0 0 0 0 0 0 0 0 0 0 0 0 0 0 0 0 0 0 0 0 0 
0 0 0 0 0 0 0 -0.291667 -0.541667 -0.229167 0 0 0.166667 1.83333 -0.25 0 0 -0.291667 -0.541667 -0.229167 0 0 0 0 0 0 0 0 0 0 0 0 -0.939815 -1.65278 -0.761574 0 0 0.907407 7.38889 -0.712963 0 0 -0.939815 -1.65278 -0.761574 0 0 0 0 0 0 0 0 0 0 0 0 -0.226852 -0.430556 -0.175926 0 0 0.0925926 1.27778 -0.203704 0 0 -0.226852 -0.430556 -0.175926 0 0 0 0 0 0 0 0 0 0 0 0 0 0 0 0 0 0 0 0 0 0 0 0 0 0 0 0 0 0 0 0 0 0 0 0 0 0 0 0 0 0 0 0 0 0 0 0 0 0 0 0 0 0 0 
0 0 0 0 0 0 0 0 -0.229167 -0.125 0 0 0 -0.25 0.833333 0 0 0 -0.229167 -0.125 0 0 0 0 0 0 0 0 0 0 0 0 0 -0.761574 -0.356481 0 0 0 -0.712963 3.24074 0 0 0 -0.761574 -0.356481 0 0 0 0 0 0 0 0 0 0 0 0 0 -0.175926 -0.101852 0 0 0 -0.203704 0.592593 0 0 0 -0.175926 -0.101852 0 0 0 0 0 0 0 0 0 0 0 0 0 0 0 0 0 0 0 0 0 0 0 0 0 0 0 0 0 0 0 0 0 0 0 0 0 0 0 0 0 0 0 0 0 0 0 0 0 0 0 0 0 0 0 
0 0 0 0 0 0 0 0 0 0 -0.125 -0.229167 0 0 0 0.833333 -0.25 0 0 0 -0.125 -0.229167 0 0 0 0 0 0 0 0 0 0 0 0 0 -0.356481 -0.761574 0 0 0 3.24074 -0.712963 0 0 0 -0.356481 -0.761574 0 0 0 0 0 0 0 0 0 0 0 0 0 -0.101852 -0.175926 0 0 0 0.592593 -0.203704 0 0 0 -0.101852 -0.175926 0 0 0 0 0 0 0 0 0 0 0 0 0 0 0 0 0 0 0 0 0 0 0 0 0 0 0 0 0 0 0 0 0 0 0 0 0 0 0 0 0 0 0 0 0 0 0 0 0 0 0 0 0 
0 0 0 0 0 0 0 0 0 0 -0.229167 -0.541667 -0.291667 0 0 -0.25 1.83333 0.166667 0 0 -0.229167 -0.541667 -0.291667 0 0 0 0 0 0 0 0 0 0 0 0 -0.761574 -1.65278 -0.939815 0 0 -0.712963 7.38889 0.907407 0 0 -0.761574 -1.65278 -0.939815 0 0 0 0 0 0 0 0 0 0 0 0 -0.175926 -0.430556 -0.226852 0 0 -0.203704 1.27778 0.0925926 0 0 -0.175926 -0.430556 -0.226852 0 0 0 0 0 0 0 0 0 0 0 0 0 0 0 0 0 0 0 0 0 0 0 0 0 0 0 0 0 0 0 0 0 0 0 0 0 0 0 0 0 0 0 0 0 0 0 0 0 0 0 0 
0 0 0 0 0 0 0 0 0 0 0 -0.291667 -0.833333 -0.291667 0 0 0.166667 2 0.166667 0 0 -0.291667 -0.833333 -0.291667 0 0 0 0 0 0 0 0 0 0 0 0 -0.939815 -2.59259 -0.939815 0 0 0.907407 8.2963 0.907407 0 0 -0.939815 -2.59259 -0.939815 0 0 0 0 0 0 0 0 0 0 0 0 -0.226852 -0.657407 -0.226852 0 0 0.0925926 1.37037 0.0925926 0 0 -0.226852 -0.657407 -0.226852 0 0 0 0 0 0 0 0 0 0 0 0 0 0 0 0 0 0 0 0 0 0 0 0 0 0 0 0 0 0 0 0 0 0 0 0 0 0 0 0 0 0 0 0 0 0 0 0 0 0 0 
0 0 0 0 0 0 0 0 0 0 0 0 -0.291667 -0.541667 -0.229167 0 0 0.166667 1.83333 -0.25 0 0 -0.291667 -0.541667 -0.229167 0 0 0 0 0 0 0 0 0 0 0 0 -0.939815 -1.65278 -0.761574 0 0 0.907407 7.38889 -0.712963 0 0 -0.939815 -1.65278 -0.761574 0 0 0 0 0 0 0 0 0 0 0 0 -0.226852 -0.430556 -0.175926 0 0 0.0925926 1.27778 -0.203704 0 0 -0.226852 -0.430556 -0.175926 0 0 0 0 0 0 0 0 0 0 0 0 0 0 0 0 0 0 0 0 0 0 0 0 0 0 0 0 0 0 0 0 0 0 0 0 0 0 0 0 0 0 0 0 0 0 0 0 0 0 
0 0 0 0 0 0 0 0 0 0 0 0 0 -0.229167 -0.125 0 0 0 -0.25 0.833333 0 0 0 -0.229167 -0.125 0 0 0 0 0 0 0 0 0 0 0 0 0 -0.761574 -0.356481 0 0 0 -0.712963 3.24074 0 0 0 -0.761574 -0.356481 0 0 0 0 0 0 0 0 0 0 0 0 0 -0.175926 -0.101852 0 0 0 -0.203704 0.592593 0 0 0 -0.175926 -0.101852 0 0 0 0 0 0 0 0 0 0 0 0 0 0 0 0 0 0 0 0 0 0 0 0 0 0 0 0 0 0 0 0 0 0 0 0 0 0 0 0 0 0 0 0 0 0 0 0 0 0 
0 0 0 0 0 0 0 0 0 0 0 0 0 0 0 -0.125 -0.229167 0 0 0 0.416667 -0.125 0 0 0 0 0 0 0 0 0 0 0 0 0 0 0 0 0 0 -0.356481 -0.761574 0 0 0 1.62037 -0.356481 0 0 0 0 0 0 0 0 0 0 0 0 0 0 0 0 0 0 -0.101852 -0.175926 0 0 0 0.296296 -0.101852 0 0 0 0 0 0 0 0 0 0 0 0 0 0 0 0 0 0 0 0 0 0 0 0 0 0 0 0 0 0 0 0 0 0 0 0 0 0 0 0 0 0 0 0 0 0 0 0 0 0 0 0 0 
0 0 0 0 0 0 0 0 0 0 0 0 0 0 0 -0.229167 -0.541667 -0.291667 0 0 -0.125 0.916667 0.0833333 0 0 0 0 0 0 0 0 0 0 0 0 0 0 0 0 0 -0.761574 -1.65278 -0.939815 0 0 -0.356481 3.69444 0.453704 0 0 0 0 0 0 0 0 0 0 0 0 0 0 0 0 0 -0.175926 -0.430556 -0.226852 0 0 -0.101852 0.638889 0.0462963 0 0 0 0 0 0 0 0 0 0 0 0 0 0 0 0 0 0 0 0 0 0 0 0 0 0 0 0 0 0 0 0 0 0 0 0 0 0 0 0 0 0 0 0 0 0 0 0 0 0 0 0 
0 0 0 0 0 0 0 0 0 0 0 0 0 0 0 0 -0.291667 -0.833333 -0.291667 0 0 0.0833333 1 0.0833333 0 0 0 0 0 0 0 0 0 0 0 0 0 0 0 0 0 -0.939815 -2.59259 -0.939815 0 0 0.453704 4.14815 0.453704 0 0 0 0 0 0 0 0 0 0 0 0 0 0 0 0 0 -0.226852 -0.657407 -0.226852 0 0 0.0462963 0.685185 0.0462963 0 0 0 0 0 0 0 0 0 0 0 0 0 0 0 0 0 0 0 0 0 0 0 0 0 0 0 0 0 0 0 0 0 0 0 0 0 0 0 0 0 0 0 0 0 0 0 0 0 0 0 
0 0 0 0 0 0 0 0 0 0 0 0 0 0 0 0 0 -0.291667 -0.541667 -0.229167 0 0 0.0833333 0.916667 -0.125 0 0 0 0 0 0 0 0 0 0 0 0 0 0 0 0 0 -0.939815 -1.65278 -0.761574 0 0 0.453704 3.69444 -0.356481 0 0 0 0 0 0 0 0 0 0 0 0 0 0 0 0 0 -0.226852 -0.430556 -0.175926 0 0 0.0462963 0.638889 -0.101852 0 0 0 0 0 0 0 0 0 0 0 0 0 0 0 0 0 0 0 0 0 0 0 0 0 0 0 0 0 0 0 0 0 0 0 0 0 0 0 0 0 0 0 0 0 0 0 0 0 0 
0 0 0 0 0 0 0 0 0 0 0 0 0 0 0 0 0 0 -0.229167 -0.125 0 0 0 -0.125 0.416667 0 0 0 0 0 0 0 0 0 0 0 0 0 0 0 0 0 0 -0.761574 -0.356481 0 0 0 -0.356481 1.62037 0 0 0 0 0 0 0 0 0 0 0 0 0 0 0 0 0 0 -0.175926 -0.101852 0 0 0 -0.101852 0.296296 0 0 0 0 0 0 0 0 0 0 0 0 0 0 0 0 0 0 0 0 0 0 0 0 0 0 0 0 0 0 0 0 0 0 0 0 0 0 0 0 0 0 0 0 0 0 0 0 0 0 
0 0 0 0 0 0 0 0 0 0 0 0 0 0 0 0 0 0 0 0 0 0 0 0 0 0.296296 -0.101852 0 0 0 -0.101852 -0.175926 0 0 0 0 0 0 0 0 0 0 0 0 0 0 0 0 0 0 1.03704 -0.148148 0 0 0 -0.148148 -0.407407 0 0 0 0 0 0 0 0 0 0 0 0 0 0 0 0 0 0 0 -0.0833333 0 0 0 -0.0833333 -0.0833333 0 0 0 0 0 0 0 0 0 0 0 0 0 0 0 0 0 0 0 0 0 0 0 0 0 0 0 0 0 0 0 0 0 0 0 0 0 0 0 0 0 0 0 
0 0 0 0 0 0 0 0 0 0 0 0 0 0 0 0 0 0 0 0 0 0 0 0 0 -0.101852 0.638889 0.0462963 0 0 -0.175926 -0.430556 -0.226852 0 0 0 0 0 0 0 0 0 0 0 0 0 0 0 0 0 -0.148148 2.44444 0.37037 0 0 -0.407407 -0.777778 -0.481481 0 0 0 0 0 0 0 0 0 0 0 0 0 0 0 0 0 -0.0833333 -0.0833333 -0.0833333 0 0 -0.0833333 -0.291667 -0.125 0 0 0 0 0 0 0 0 0 0 0 0 0 0 0 0 0 0 0 0 0 0 0 0 0 0 0 0 0 0 0 0 0 0 0 0 0 0 0 0 0 0 
0 0 0 0 0 0 0 0 0 0 0 0 0 0 0 0 0 0 0 0 0 0 0 0 0 0 0.0462963 0.685185 0.0462963 0 0 -0.226852 -0.657407 -0.226852 0 0 0 0 0 0 0 0 0 0 0 0 0 0 0 0 0 0.37037 2.81481 0.37037 0 0 -0.481481 -1.25926 -0.481481 0 0 0 0 0 0 0 0 0 0 0 0 0 0 0 0 0 -0.0833333 -0.166667 -0.0833333 0 0 -0.125 -0.416667 -0.125 0 0 0 0 0 0 0 0 0 0 0 0 0 0 0 0 0 0 0 0 0 0 0 0 0 0 0 0 0 0 0 0 0 0 0 0 0 0 0 0 0 
0 0 0 0 0 0 0 0 0 0 0 0 0 0 0 0 0 0 0 0 0 0 0 0 0 0 0 0.0462963 0.638889 -0.101852 0 0 -0.226852 -0.430556 -0.175926 0 0 0 0 0 0 0 0 0 0 0 0 0 0 0 0 0 0.37037 2.44444 -0.148148 0 0 -0.481481 -0.777778 -0.407407 0 0 0 0 0 0 0 0 0 0 0 0 0 0 0 0 0 -0.0833333 -0.0833333 -0.0833333 0 0 -0.125 -0.291667 -0.0833333 0 0 0 0 0 0 0 0 0 0 0 0 0 0 0 0 0 0 0 0 0 0 0 0 0 0 0 0 0 0 0 0 0 0 0 0 0 0 0 0 
0 0 0 0 0 0 0 0 0 0 0 0 0 0 0 0 0 0 0 0 0 0 0 0 0 0 0 0 -0.101852 0.296296 0 0 0 -0.175926 -0.101852 0 0 0 0 0 0 0 0 0 0 0 0 0 0 0 0 0 0 -0.148148 1.03704 0 0 0 -0.407407 -0.148148 0 0 0 0 0 0 0 0 0 0 0 0 0 0 0 0 0 0 -0.0833333 0 0 0 0 -0.0833333 -0.0833333 0 0 0 0 0 0 0 0 0 0 0 0 0 0 0 0 0 0 0 0 0 0 0 0 0 0 0 0 0 0 0 0 0 0 0 0 0 0 0 0 
0 0 0 0 0 0 0 0 0 0 0 0 0 0 0 0 0 0 0 0 0 0 0 0 0 -0.101852 -0.175926 0 0 0 0.592593 -0.203704 0 0 0 -0.101852 -0.175926 0 0 0 0 0 0 0 0 0 0 0 0 0 -0.148148 -0.407407 0 0 0 2.07407 -0.296296 0 0 0 -0.148148 -0.407407 0 0 0 0 0 0 0 0 0 0 0 0 0 -0.0833333 -0.0833333 0 0 0 0 -0.166667 0 0 0 -0.0833333 -0.0833333 0 0 0 0 0 0 0 0 0 0 0 0 0 0 0 0 0 0 0 0 0 0 0 0 0 0 0 0 0 0 0 0 0 0 0 0 0 0 
0 0 0 0 0 0 0 0 0 0 0 0 0 0 0 0 0 0 0 0 0 0 0 0 0 -0.175926 -0.430556 -0.226852 0 0 -0.203704 1.27778 0.0925926 0 0 -0.175926 -0.430556 -0.226852 0 0 0 0 0 0 0 0 0 0 0 0 -0.407407 -0.777778 -0.481481 0 0 -0.296296 4.88889 0.740741 0 0 -0.407407 -0.777778 -0.481481 0 0 0 0 0 0 0 0 0 0 0 0 -0.0833333 -0.291667 -0.125 0 0 -0.166667 -0.166667 -0.166667 0 0 -0.0833333 -0.291667 -0.125 0 0 0 0 0 0 0 0 0 0 0 0 0 0 0 0 0 0 0 0 0 0 0 0 0 0 0 0 0 0 0 0 0 0 0 0 0 
0 0 0 0 0 0 0 0 0 0 0 0 0 0 0 0 0 0 0 0 0 0 0 0 0 0 -0.226852 -0.657407 -0.226852 0 0 0.0925926 1.37037 0.0925926 0 0 -0.226852 -0.657407 -0.226852 0 0 0 0 0 0 0 0 0 0 0 0 -0.481481 -1.25926 -0.481481 0 0 0.740741 5.62963 0.740741 0 0 -0.481481 -1.25926 -0.481481 0 0 0 0 0 0 0 0 0 0 0 0 -0.125 -0.416667 -0.125 0 0 -0.166667 -0.333333 -0.166667 0 0 -0.125 -0.416667 -0.125 0 0 0 0 0 0 0 0 0 0 0 0 0 0 0 0 0 0 0 0 0 0 0 0 0 0 0 0 0 0 0 0 0 0 0 0 
0 0 0 0 0 0 0 0 0 0 0 0 0 0 0 0 0 0 0 0 0 0 0 0 0 0 0 -0.226852 -0.430556 -0.175926 0 0 0.0925926 1.27778 -0.203704 0 0 -0.226852 -0.430556 -0.175926 0 0 0 0 0 0 0 0 0 0 0 0 -0.481481 -0.777778 -0.407407 0 0 0.740741 4.88889 -0.296296 0 0 -0.481481 -0.777778 -0.407407 0 0 0 0 0 0 0 0 0 0 0 0 -0.125 -0.291667 -0.0833333 0 0 -0.166667 -0.166667 -0.166667 0 0 -0.125 -0.291667 -0.0833333 0 0 0 0 0 0 0 0 0 0 0 0 0 0 0 0 0 0 0 0 0 0 0 0 0 0 0 0 0 0 0 0 0 0 0 
0 0 0 0 0 0 0 0 0 0 0 0 0 0 0 0 0 0 0 0 0 0 0 0 0 0 0 0 -0.175926 -0.101852 0 0 0 -0.203704 0.592593 0 0 0 -0.175926 -0.101852 0 0 0 0 0 0 0 0 0 0 0 0 0 -0.407407 -0.148148 0 0 0 -0.296296 2.07407 0 0 0 -0.407407 -0.148148 0 0 0 0 0 0 0 0 0 0 0 0 0 -0.0833333 -0.0833333 0 0 0 -0.166667 0 0 0 0 -0.0833333 -0.0833333 0 0 0 0 0 0 0 0 0 0 0 0 0 0 0 0 0 0 0 0 0 0 0 0 0 0 0 0 0 0 0 0 0 0 0 
0 0 0 0 0 0 0 0 0 0 0 0 0 0 0 0 0 0 0 0 0 0 0 0 0 0 0 0 0 0 -0.101852 -0.175926 0 0 0 0.592593 -0.203704 0 0 0 -0.101852 -0.175926 0 0 0 0 0 0 0 0 0 0 0 0 0 -0.148148 -0.407407 0 0 0 2.07407 -0.296296 0 0 0 -0.148148 -0.407407 0 0 0 0 0 0 0 0 0 0 0 0 0 -0.0833333 -0.0833333 0 0 0 0 -0.166667 0 0 0 -0.0833333 -0.0833333 0 0 0 0 0 0 0 0 0 0 0 0 0 0 0 0 0 0 0 0 0 0 0 0 0 0 0 0 0 0 0 0 0 
0 0 0 0 0 0 0 0 0 0 0 0 0 0 0 0 0 0 0 0 0 0 0 0 0 0 0 0 0 0 -0.175926 -0.430556 -0.226852 0 0 -0.203704 1.27778 0.0925926 0 0 -0.175926 -0.430556 -0.226852 0 0 0 0 0 0 0 0 0 0 0 0 -0.407407 -0.777778 -0.481481 0 0 -0.296296 4.88889 0.740741 0 0 -0.407407 -0.777778 -0.481481 0 0 0 0 0 0 0 0 0 0 0 0 -0.0833333 -0.291667 -0.125 0 0 -0.166667 -0.166667 -0.166667 0 0 -0.0833333 -0.291667 -0.125 0 0 0 0 0 0 0 0 0 0 0 0 0 0 0 0 0 0 0 0 0 0 0 0 0 0 0 0 0 0 0 0 
0 0 0 0 0 0 0 0 0 0 0 0 0 0 0 0 0 0 0 0 0 0 0 0 0 0 0 0 0 0 0 -0.226852 -0.657407 -0.226852 0 0 0.0925926 1.37037 0.0925926 0 0 -0.226852 -0.657407 -0.226852 0 0 0 0 0 0 0 0 0 0 0 0 -0.481481 -1.25926 -0.481481 0 0 0.740741 5.62963 0.740741 0 0 -0.481481 -1.25926 -0.481481 0 0 0 0 0 0 0 0 0 0 0 0 -0.125 -0.416667 -0.125 0 0 -0.166667 -0.333333 -0.166667 0 0 -0.125 -0.416667 -0.125 0 0 0 0 0 0 0 0 0 0 0 0 0 0 0 0 0 0 0 0 0 0 0 0 0 0 0 0 0 0 0 
0 0 0 0 0 0 0 0 0 0 0 0 0 0 0 0 0 0 0 0 0 0 0 0 0 0 0 0 0 0 0 0 -0.226852 -0.430556 -0.175926 0 0 0.0925926 1.27778 -0.203704 0 0 -0.226852 -0.430556 -0.175926 0 0 0 0 0 0 0 0 0 0 0 0 -0.481481 -0.777778 -0.407407 0 0 0.740741 4.88889 -0.296296 0 0 -0.481481 -0.777778 -0.407407 0 0 0 0 0 0 0 0 0 0 0 0 -0.125 -0.291667 -0.0833333 0 0 -0.166667 -0.166667 -0.166667 0 0 -0.125 -0.291667 -0.0833333 0 0 0 0 0 0 0 0 0 0 0 0 0 0 0 0 0 0 0 0 0 0 0 0 0 0 0 0 0 0 
0 0 0 0 0 0 0 0 0 0 0 0 0 0 0 0 0 0 0 0 0 0 0 0 0 0 0 0 0 0 0 0 0 -0.175926 -0.101852 0 0 0 -0.203704 0.592593 0 0 0 -0.175926 -0.101852 0 0 0 0 0 0 0 0 0 0 0 0 0 -0.407407 -0.148148 0 0 0 -0.296296 2.07407 0 0 0 -0.407407 -0.148148 0 0 0 0 0 0 0 0 0 0 0 0 0 -0.0833333 -0.0833333 0 0 0 -0.166667 0 0 0 0 -0.0833333 -0.0833333 0 0 0 0 0 0 0 0 0 0 0 0 0 0 0 0 0 0 0 0 0 0 0 0 0 0 0 0 0 0 
0 0 0 0 0 0 0 0 0 0 0 0 0 0 0 0 0 0 0 0 0 0 0 0 0 0 0 0 0 0 0 0 0 0 0 -0.101852 -0.175926 0 0 0 0.592593 -0.203704 0 0 0 -0.101852 -0.175926 0 0 0 0 0 0 0 0 0 0 0 0 0 -0.148148 -0.407407 0 0 0 2.07407 -0.296296 0 0 0 -0.148148 -0.407407 0 0 0 0 0 0 0 0 0 0 0 0 0 -0.0833333 -0.0833333 0 0 0 0 -0.166667 0 0 0 -0.0833333 -0.0833333 0 0 0 0 0 0 0 0 0 0 0 0 0 0 0 0 0 0 0 0 0 0 0 0 0 0 0 0 
0 0 0 0 0 0 0 0 0 0 0 0 0 0 0 0 0 0 0 0 0 0 0 0 0 0 0 0 0 0 0 0 0 0 0 -0.175926 -0.430556 -0.226852 0 0 -0.203704 1.27778 0.0925926 0 0 -0.175926 -0.430556 -0.226852 0 0 0 0 0 0 0 0 0 0 0 0 -0.407407 -0.777778 -0.481481 0 0 -0.296296 4.88889 0.740741 0 0 -0.407407 -0.777778 -0.481481 0 0 0 0 0 0 0 0 0 0 0 0 -0.0833333 -0.291667 -0.125 0 0 -0.166667 -0.166667 -0.166667 0 0 -0.0833333 -0.291667 -0.125 0 0 0 0 0 0 0 0 0 0 0 0 0 0 0 0 0 0 0 0 0 0 0 0 0 0 0 
0 0 0 0 0 0 0 0 0 0 0 0 0 0 0 0 0 0 0 0 0 0 0 0 0 0 0 0 0 0 0 0 0 0 0 0 -0.226852 -0.657407 -0.226852 0 0 0.0925926 1.37037 0.0925926 0 0 -0.226852 -0.657407 -0.226852 0 0 0 0 0 0 0 0 0 0 0 0 -0.481481 -1.25926 -0.481481 0 0 0.740741 5.62963 0.740741 0 0 -0.481481 -1.25926 -0.481481 0 0 0 0 0 0 0 0 0 0 0 0 -0.125 -0.416667 -0.125 0 0 -0.166667 -0.333333 -0.166667 0 0 -0.125 -0.416667 -0.125 0 0 0 0 0 0 0 0 0 0 0 0 0 0 0 0 0 0 0 0 0 0 0 0 0 0 
0 0 0 0 0 0 0 0 0 0 0 0 0 0 0 0 0 0 0 0 0 0 0 0 0 0 0 0 0 0 0 0 0 0 0 0 0 -0.226852 -0.430556 -0.175926 0 0 0.0925926 1.27778 -0.203704 0 0 -0.226852 -0.430556 -0.175926 0 0 0 0 0 0 0 0 0 0 0 0 -0.481481 -0.777778 -0.407407 0 0 0.740741 4.88889 -0.296296 0 0 -0.481481 -0.777778 -0.407407 0 0 0 0 0 0 0 0 0 0 0 0 -0.125 -0.291667 -0.0833333 0 0 -0.166667 -0.166667 -0.166667 0 0 -0.125 -0.291667 -0.0833333 0 0 0 0 0 0 0 0 0 0 0 0 0 0 0 0 0 0 0 0 0 0 0 0 0 
0 0 0 0 0 0 0 0 0 0 0 0 0 0 0 0 0 0 0 0 0 0 0 0 0 0 0 0 0 0 0 0 0 0 0 0 0 0 -0.175926 -0.101852 0 0 0 -0.203704 0.592593 0 0 0 -0.175926 -0.101852 0 0 0 0 0 0 0 0 0 0 0 0 0 -0.407407 -0.148148 0 0 0 -0.296296 2.07407 0 0 0 -0.407407 -0.148148 0 0 0 0 0 0 0 0 0 0 0 0 0 -0.0833333 -0.0833333 0 0 0 -0.166667 0 0 0 0 -0.0833333 -0.0833333 0 0 0 0 0 0 0 0 0 0 0 0 0 0 0 0 0 0 0 0 0 0 0 0 0 
0 0 0 0 0 0 0 0 0 0 0 0 0 0 0 0 0 0 0 0 0 0 0 0 0 0 0 0 0 0 0 0 0 0 0 0 0 0 0 0 -0.101852 -0.175926 0 0 0 0.296296 -0.101852 0 0 0 0 0 0 0 0 0 0 0 0 0 0 0 0 0 0 -0.148148 -0.407407 0 0 0 1.03704 -0.148148 0 0 0 0 0 0 0 0 0 0 0 0 0 0 0 0 0 0 -0.0833333 -0.0833333 0 0 0 0 -0.0833333 0 0 0 0 0 0 0 0 0 0 0 0 0 0 0 0 0 0 0 0 0 0 0 0 0 0 0 0 
0 0 0 0 0 0 0 0 0 0 0 0 0 0 0 0 0 0 0 0 0 0 0 0 0 0 0 0 0 0 0 0 0 0 0 0 0 0 0 0 -0.175926 -0.430556 -0.226852 0 0 -0.101852 0.638889 0.0462963 0 0 0 0 0 0 0 0 0 0 0 0 0 0 0 0 0 -0.407407 -0.777778 -0.481481 0 0 -0.148148 2.44444 0.37037 0 0 0 0 0 0 0 0 0 0 0 0 0 0 0 0 0 -0.0833333 -0.291667 -0.125 0 0 -0.0833333 -0.0833333 -0.0833333 0 0 0 0 0 0 0 0 0 0 0 0 0 0 0 0 0 0 0 0 0 0 0 0 0 0 0 
0 0 0 0 0 0 0 0 0 0 0 0 0 0 0 0 0 0 0 0 0 0 0 0 0 0 0 0 0 0 0 0 0 0 0 0 0 0 0 0 0 -0.226852 -0.657407 -0.226852 0 0 0.0462963 0.685185 0.0462963 0 0 0 0 0 0 0 0 0 0 0 0 0 0 0 0 0 -0.481481 -1.25926 -0.481481 0 0 0.37037 2.81481 0.37037 0 0 0 0 0 0 0 0 0 0 0 0 0 0 0 0 0 -0.125 -0.416667 -0.125 0 0 -0.0833333 -0.166667 -0.0833333 0 0 0 0 0 0 0 0 0 0 0 0 0 0 0 0 0 0 0 0 0 0 0 0 0 0 
0 0 0 0 0 0 0 0 0 0 0 0 0 0 0 0 0 0 0 0 0 0 0 0 0 0 0 0 0 0 0 0 0 0 0 0 0 0 0 0 0 0 -0.226852 -0.430556 -0.175926 0 0 0.0462963 0.638889 -0.101852 0 0 0 0 0 0 0 0 0 0 0 0 0 0 0 0 0 -0.481481 -0.777778 -0.407407 0 0 0.37037 2.44444 -0.148148 0 0 0 0 0 0 0 0 0 0 0 0 0 0 0 0 0 -0.125 -0.291667 -0.0833333 0 0 -0.0833333 -0.0833333 -0.0833333 0 0 0 0 0 0 0 0 0 0 0 0 0 0 0 0 0 0 0 0 0 0 0 0 0 
0 0 0 0 0 0 0 0 0 0 0 0 0 0 0 0 0 0 0 0 0 0 0 0 0 0 0 0 0 0 0 0 0 0 0 0 0 0 0 0 0 0 0 -0.175926 -0.101852 0 0 0 -0.101852 0.296296 0 0 0 0 0 0 0 0 0 0 0 0 0 0 0 0 0 0 -0.407407 -0.148148 0 0 0 -0.148148 1.03704 0 0 0 0 0 0 0 0 0 0 0 0 0 0 0 0 0 0 -0.0833333 -0.0833333 0 0 0 -0.0833333 0 0 0 0 0 0 0 0 0 0 0 0 0 0 0 0 0 0 0 0 0 0 0 0 0 0 
0 0 0 0 0 0 0 0 0 0 0 0 0 0 0 0 0 0 0 0 0 0 0 0 0 0 0 0 0 0 0 0 0 0 0 0 0 0 0 0 0 0 0 0 0 0 0 0 0 0 0 -0.0833333 0 0 0 -0.0833333 -0.0833333 0 0 0 0 0 0 0 0 0 0 0 0 0 0 0 0 0 0 0.666667 0 0 0 0 0 -0.166667 0 0 0 0 0 0 0 0 0 0 0 0 0 0 0 0 0 0 0 -0.0833333 0 0 0 -0.0833333 -0.0833333 0 0 0 0 0 0 0 0 0 0 0 0 0 0 0 0 0 0 
0 0 0 0 0 0 0 0 0 0 0 0 0 0 0 0 0 0 0 0 0 0 0 0 0 0 0 0 0 0 0 0 0 0 0 0 0 0 0 0 0 0 0 0 0 0 0 0 0 0 -0.0833333 -0.0833333 -0.0833333 0 0 -0.0833333 -0.291667 -0.125 0 0 0 0 0 0 0 0 0 0 0 0 0 0 0 0 0 0 1.66667 0.333333 0 0 -0.166667 -0.166667 -0.166667 0 0 0 0 0 0 0 0 0 0 0 0 0 0 0 0 0 -0.0833333 -0.0833333 -0.0833333 0 0 -0.0833333 -0.291667 -0.125 0 0 0 0 0 0 0 0 0 0 0 0 0 0 0 0 0 
0 0 0 0 0 0 0 0 0 0 0 0 0 0 0 0 0 0 0 0 0 0 0 0 0 0 0 0 0 0 0 0 0 0 0 0 0 0 0 0 0 0 0 0 0 0 0 0 0 0 0 -0.0833333 -0.166667 -0.0833333 0 0 -0.125 -0.416667 -0.125 0 0 0 0 0 0 0 0 0 0 0 0 0 0 0 0 0 0.333333 2 0.333333 0 0 -0.166667 -0.333333 -0.166667 0 0 0 0 0 0 0 0 0 0 0 0 0 0 0 0 0 -0.0833333 -0.166667 -0.0833333 0 0 -0.125 -0.416667 -0.125 0 0 0 0 0 0 0 0 0 0 0 0 0 0 0 0 
0 0 0 0 0 0 0 0 0 0 0 0 0 0 0 0 0 0 0 0 0 0 0 0 0 0 0 0 0 0 0 0 0 0 0 0 0 0 0 0 0 0 0 0 0 0 0 0 0 0 0 0 -0.0833333 -0.0833333 -0.0833333 0 0 -0.125 -0.291667 -0.0833333 0 0 0 0 0 0 0 0 0 0 0 0 0 0 0 0 0 0.333333 1.66667 0 0 0 -0.166667 -0.166667 -0.166667 0 0 0 0 0 0 0 0 0 0 0 0 0 0 0 0 0 -0.0833333 -0.0833333 -0.0833333 0 0 -0.125 -0.291667 -0.0833333 0 0 0 0 0 0 0 0 0 0 0 0 0 0 0 
0 0 0 0 0 0 0 0 0 0 0 0 0 0 0 0 0 0 0 0 0 0 0 0 0 0 0 0 0 0 0 0 0 0 0 0 0 0 0 0 0 0 0 0 0 0 0 0 0 0 0 0 0 -0.0833333 0 0 0 0 -0.0833333 -0.0833333 0 0 0 0 0 0 0 0 0 0 0 0 0 0 0 0 0 0 0 0.666667 0 0 0 -0.166667 0 0 0 0 0 0 0 0 0 0 0 0 0 0 0 0 0 0 0 -0.0833333 0 0 0 0 -0.0833333 -0.0833333 0 0 0 0 0 0 0 0 0 0 0 0 0 0 0 
0 0 0 0 0 0 0 0 0 0 0 0 0 0 0 0 0 0 0 0 0 0 0 0 0 0 0 0 0 0 0 0 0 0 0 0 0 0 0 0 0 0 0 0 0 0 0 0 0 0 -0.0833333 -0.0833333 0 0 0 0 -0.166667 0 0 0 -0.0833333 -0.0833333 0 0 0 0 0 0 0 0 0 0 0 0 0 0 -0.166667 0 0 0 1.33333 0 0 0 0 0 -0.166667 0 0 0 0 0 0 0 0 0 0 0 0 0 -0.0833333 -0.0833333 0 0 0 0 -0.166667 0 0 0 -0.0833333 -0.0833333 0 0 0 0 0 0 0 0 0 0 0 0 0 
0 0 0 0 0 0 0 0 0 0 0 0 0 0 0 0 0 0 0 0 0 0 0 0 0 0 0 0 0 0 0 0 0 0 0 0 0 0 0 0 0 0 0 0 0 0 0 0 0 0 -0.0833333 -0.291667 -0.125 0 0 -0.166667 -0.166667 -0.166667 0 0 -0.0833333 -0.291667 -0.125 0 0 0 0 0 0 0 0 0 0 0 0 -0.166667 -0.166667 -0.166667 0 0 0 3.33333 0.666667 0 0 -0.166667 -0.166667 -0.166667 0 0 0 0 0 0 0 0 0 0 0 0 -0.0833333 -0.291667 -0.125 0 0 -0.166667 -0.166667 -0.166667 0 0 -0.0833333 -0.291667 -0.125 0 0 0 0 0 0 0 0 0 0 0 0 
0 0 0 0 0 0 0 0 0 0 0 0 0 0 0 0 0 0 0 0 0 0 0 0 0 0 0 0 0 0 0 0 0 0 0 0 0 0 0 0 0 0 0 0 0 0 0 0 0 0 0 -0.125 -0.416667 -0.125 0 0 -0.166667 -0.333333 -0.166667 0 0 -0.125 -0.416667 -0.125 0 0 0 0 0 0 0 0 0 0 0 0 -0.166667 -0.333333 -0.166667 0 0 0.666667 4 0.666667 0 0 -0.166667 -0.333333 -0.166667 0 0 0 0 0 0 0 0 0 0 0 0 -0.125 -0.416667 -0.125 0 0 -0.166667 -0.333333 -0.166667 0 0 -0.125 -0.416667 -0.125 0 0 0 0 0 0 0 0 0 0 0 
0 0 0 0 0 0 0 0 0 0 0 0 0 0 0 0 0 0 0 0 0 0 0 0 0 0 0 0 0 0 0 0 0 0 0 0 0 0 0 0 0 0 0 0 0 0 0 0 0 0 0 0 -0.125 -0.291667 -0.0833333 0 0 -0.166667 -0.166667 -0.166667 0 0 -0.125 -0.291667 -0.0833333 0 0 0 0 0 0 0 0 0 0 0 0 -0.166667 -0.166667 -0.166667 0 0 0.666667 3.33333 0 0 0 -0.166667 -0.166667 -0.166667 0 0 0 0 0 0 0 0 0 0 0 0 -0.125 -0.291667 -0.0833333 0 0 -0.166667 -0.166667 -0.166667 0 0 -0.125 -0.291667 -0.0833333 0 0 0 0 0 0 0 0 0 0 
0 0 0 0 0 0 0 0 0 0 0 0 0 0 0 0 0 0 0 0 0 0 0 0 0 0 0 0 0 0 0 0 0 0 0 0 0 0 0 0 0 0 0 0 0 0 0 0 0 0 0 0 0 -0.0833333 -0.0833333 0 0 0 -0.166667 0 0 0 0 -0.0833333 -0.0833333 0 0 0 0 0 0 0 0 0 0 0 0 0 -0.166667 0 0 0 0 0 1.33333 0 0 0 -0.166667 0 0 0 0 0 0 0 0 0 0 0 0 0 0 -0.0833333 -0.0833333 0 0 0 -0.166667 0 0 0 0 -0.0833333 -0.0833333 0 0 0 0 0 0 0 0 0 0 
0 0 0 0 0 0 0 0 0 0 0 0 0 0 0 0 0 0 0 0 0 0 0 0 0 0 0 0 0 0 0 0 0 0 0 0 0 0 0 0 0 0 0 0 0 0 0 0 0 0 0 0 0 0 0 -0.0833333 -0.0833333 0 0 0 0 -0.166667 0 0 0 -0.0833333 -0.0833333 0 0 0 0 0 0 0 0 0 0 0 0 0 0 -0.166667 0 0 0 1.33333 0 0 0 0 0 -0.166667 0 0 0 0 0 0 0 0 0 0 0 0 0 -0.0833333 -0.0833333 0 0 0 0 -0.166667 0 0 0 -0.0833333 -0.0833333 0 0 0 0 0 0 0 0 
0 0 0 0 0 0 0 0 0 0 0 0 0 0 0 0 0 0 0 0 0 0 0 0 0 0 0 0 0 0 0 0 0 0 0 0 0 0 0 0 0 0 0 0 0 0 0 0 0 0 0 0 0 0 0 -0.0833333 -0.291667 -0.125 0 0 -0.166667 -0.166667 -0.166667 0 0 -0.0833333 -0.291667 -0.125 0 0 0 0 0 0 0 0 0 0 0 0 -0.166667 -0.166667 -0.166667 0 0 0 3.33333 0.666667 0 0 -0.166667 -0.166667 -0.166667 0 0 0 0 0 0 0 0 0 0 0 0 -0.0833333 -0.291667 -0.125 0 0 -0.166667 -0.166667 -0.166667 0 0 -0.0833333 -0.291667 -0.125 0 0 0 0 0 0 0 
0 0 0 0 0 0 0 0 0 0 0 0 0 0 0 0 0 0 0 0 0 0 0 0 0 0 0 0 0 0 0 0 0 0 0 0 0 0 0 0 0 0 0 0 0 0 0 0 0 0 0 0 0 0 0 0 -0.125 -0.416667 -0.125 0 0 -0.166667 -0.333333 -0.166667 0 0 -0.125 -0.416667 -0.125 0 0 0 0 0 0 0 0 0 0 0 0 -0.166667 -0.333333 -0.166667 0 0 0.666667 4 0.666667 0 0 -0.166667 -0.333333 -0.166667 0 0 0 0 0 0 0 0 0 0 0 0 -0.125 -0.416667 -0.125 0 0 -0.166667 -0.333333 -0.166667 0 0 -0.125 -0.416667 -0.125 0 0 0 0 0 0 
0 0 0 0 0 0 0 0 0 0 0 0 0 0 0 0 0 0 0 0 0 0 0 0 0 0 0 0 0 0 0 0 0 0 0 0 0 0 0 0 0 0 0 0 0 0 0 0 0 0 0 0 0 0 0 0 0 -0.125 -0.291667 -0.0833333 0 0 -0.166667 -0.166667 -0.166667 0 0 -0.125 -0.291667 -0.0833333 0 0 0 0 0 0 0 0 0 0 0 0 -0.166667 -0.166667 -0.166667 0 0 0.666667 3.33333 0 0 0 -0.166667 -0.166667 -0.166667 0 0 0 0 0 0 0 0 0 0 0 0 -0.125 -0.291667 -0.0833333 0 0 -0.166667 -0.166667 -0.166667 0 0 -0.125 -0.291667 -0.0833333 0 0 0 0 0 
0 0 0 0 0 0 0 0 0 0 0 0 0 0 0 0 0 0 0 0 0 0 0 0 0 0 0 0 0 0 0 0 0 0 0 0 0 0 0 0 0 0 0 0 0 0 0 0 0 0 0 0 0 0 0 0 0 0 -0.0833333 -0.0833333 0 0 0 -0.166667 0 0 0 0 -0.0833333 -0.0833333 0 0 0 0 0 0 0 0 0 0 0 0 0 -0.166667 0 0 0 0 0 1.33333 0 0 0 -0.166667 0 0 0 0 0 0 0 0 0 0 0 0 0 0 -0.0833333 -0.0833333 0 0 0 -0.166667 0 0 0 0 -0.0833333 -0.0833333 0 0 0 0 0 
0 0 0 0 0 0 0 0 0 0 0 0 0 0 0 0 0 0 0 0 0 0 0 0 0 0 0 0 0 0 0 0 0 0 0 0 0 0 0 0 0 0 0 0 0 0 0 0 0 0 0 0 0 0 0 0 0 0 0 0 -0.0833333 -0.0833333 0 0 0 0 -0.166667 0 0 0 -0.0833333 -0.0833333 0 0 0 0 0 0 0 0 0 0 0 0 0 0 -0.166667 0 0 0 1.33333 0 0 0 0 0 -0.166667 0 0 0 0 0 0 0 0 0 0 0 0 0 -0.0833333 -0.0833333 0 0 0 0 -0.166667 0 0 0 -0.0833333 -0.0833333 0 0 0 
0 0 0 0 0 0 0 0 0 0 0 0 0 0 0 0 0 0 0 0 0 0 0 0 0 0 0 0 0 0 0 0 0 0 0 0 0 0 0 0 0 0 0 0 0 0 0 0 0 0 0 0 0 0 0 0 0 0 0 0 -0.0833333 -0.291667 -0.125 0 0 -0.166667 -0.166667 -0.166667 0 0 -0.0833333 -0.291667 -0.125 0 0 0 0 0 0 0 0 0 0 0 0 -0.166667 -0.166667 -0.166667 0 0 0 3.33333 0.666667 0 0 -0.166667 -0.166667 -0.166667 0 0 0 0 0 0 0 0 0 0 0 0 -0.0833333 -0.291667 -0.125 0 0 -0.166667 -0.166667 -0.166667 0 0 -0.0833333 -0.291667 -0.125 0 0 
0 0 0 0 0 0 0 0 0 0 0 0 0 0 0 0 0 0 0 0 0 0 0 0 0 0 0 0 0 0 0 0 0 0 0 0 0 0 0 0 0 0 0 0 0 0 0 0 0 0 0 0 0 0 0 0 0 0 0 0 0 -0.125 -0.416667 -0.125 0 0 -0.166667 -0.333333 -0.166667 0 0 -0.125 -0.416667 -0.125 0 0 0 0 0 0 0 0 0 0 0 0 -0.166667 -0.333333 -0.166667 0 0 0.666667 4 0.666667 0 0 -0.166667 -0.333333 -0.166667 0 0 0 0 0 0 0 0 0 0 0 0 -0.125 -0.416667 -0.125 0 0 -0.166667 -0.333333 -0.166667 0 0 -0.125 -0.416667 -0.125 0 
0 0 0 0 0 0 0 0 0 0 0 0 0 0 0 0 0 0 0 0 0 0 0 0 0 0 0 0 0 0 0 0 0 0 0 0 0 0 0 0 0 0 0 0 0 0 0 0 0 0 0 0 0 0 0 0 0 0 0 0 0 0 -0.125 -0.291667 -0.0833333 0 0 -0.166667 -0.166667 -0.166667 0 0 -0.125 -0.291667 -0.0833333 0 0 0 0 0 0 0 0 0 0 0 0 -0.166667 -0.166667 -0.166667 0 0 0.666667 3.33333 0 0 0 -0.166667 -0.166667 -0.166667 0 0 0 0 0 0 0 0 0 0 0 0 -0.125 -0.291667 -0.0833333 0 0 -0.166667 -0.166667 -0.166667 0 0 -0.125 -0.291667 -0.0833333 
0 0 0 0 0 0 0 0 0 0 0 0 0 0 0 0 0 0 0 0 0 0 0 0 0 0 0 0 0 0 0 0 0 0 0 0 0 0 0 0 0 0 0 0 0 0 0 0 0 0 0 0 0 0 0 0 0 0 0 0 0 0 0 -0.0833333 -0.0833333 0 0 0 -0.166667 0 0 0 0 -0.0833333 -0.0833333 0 0 0 0 0 0 0 0 0 0 0 0 0 -0.166667 0 0 0 0 0 1.33333 0 0 0 -0.166667 0 0 0 0 0 0 0 0 0 0 0 0 0 0 -0.0833333 -0.0833333 0 0 0 -0.166667 0 0 0 0 -0.0833333 -0.0833333 
0 0 0 0 0 0 0 0 0 0 0 0 0 0 0 0 0 0 0 0 0 0 0 0 0 0 0 0 0 0 0 0 0 0 0 0 0 0 0 0 0 0 0 0 0 0 0 0 0 0 0 0 0 0 0 0 0 0 0 0 0 0 0 0 0 -0.0833333 -0.0833333 0 0 0 0 -0.0833333 0 0 0 0 0 0 0 0 0 0 0 0 0 0 0 0 0 0 0 -0.166667 0 0 0 0.666667 0 0 0 0 0 0 0 0 0 0 0 0 0 0 0 0 0 0 0 -0.0833333 -0.0833333 0 0 0 0 -0.0833333 0 0 0 
0 0 0 0 0 0 0 0 0 0 0 0 0 0 0 0 0 0 0 0 0 0 0 0 0 0 0 0 0 0 0 0 0 0 0 0 0 0 0 0 0 0 0 0 0 0 0 0 0 0 0 0 0 0 0 0 0 0 0 0 0 0 0 0 0 -0.0833333 -0.291667 -0.125 0 0 -0.0833333 -0.0833333 -0.0833333 0 0 0 0 0 0 0 0 0 0 0 0 0 0 0 0 0 -0.166667 -0.166667 -0.166667 0 0 0 1.66667 0.333333 0 0 0 0 0 0 0 0 0 0 0 0 0 0 0 0 0 -0.0833333 -0.291667 -0.125 0 0 -0.0833333 -0.0833333 -0.0833333 0 0 
0 0 0 0 0 0 0 0 0 0 0 0 0 0 0 0 0 0 0 0 0 0 0 0 0 0 0 0 0 0 0 0 0 0 0 0 0 0 0 0 0 0 0 0 0 0 0 0 0 0 0 0 0 0 0 0 0 0 0 0 0 0 0 0 0 0 -0.125 -0.416667 -0.125 0 0 -0.0833333 -0.166667 -0.0833333 0 0 0 0 0 0 0 0 0 0 0 0 0 0 0 0 0 -0.166667 -0.333333 -0.166667 0 0 0.333333 2 0.333333 0 0 0 0 0 0 0 0 0 0 0 0 0 0 0 0 0 -0.125 -0.416667 -0.125 0 0 -0.0833333 -0.166667 -0.0833333 0 
0 0 0 0 0 0 0 0 0 0 0 0 0 0 0 0 0 0 0 0 0 0 0 0 0 0 0 0 0 0 0 0 0 0 0 0 0 0 0 0 0 0 0 0 0 0 0 0 0 0 0 0 0 0 0 0 0 0 0 0 0 0 0 0 0 0 0 -0.125 -0.291667 -0.0833333 0 0 -0.0833333 -0.0833333 -0.0833333 0 0 0 0 0 0 0 0 0 0 0 0 0 0 0 0 0 -0.166667 -0.166667 -0.166667 0 0 0.333333 1.66667 0 0 0 0 0 0 0 0 0 0 0 0 0 0 0 0 0 0 -0.125 -0.291667 -0.0833333 0 0 -0.0833333 -0.0833333 -0.0833333 
0 0 0 0 0 0 0 0 0 0 0 0 0 0 0 0 0 0 0 0 0 0 0 0 0 0 0 0 0 0 0 0 0 0 0 0 0 0 0 0 0 0 0 0 0 0 0 0 0 0 0 0 0 0 0 0 0 0 0 0 0 0 0 0 0 0 0 0 -0.0833333 -0.0833333 0 0 0 -0.0833333 0 0 0 0 0 0 0 0 0 0 0 0 0 0 0 0 0 0 0 -0.166667 0 0 0 0 0 0.666667 0 0 0 0 0 0 0 0 0 0 0 0 0 0 0 0 0 0 -0.0833333 -0.0833333 0 0 0 -0.0833333 0 
0 0 0 0 0 0 0 0 0 0 0 0 0 0 0 0 0 0 0 0 0 0 0 0 0 0 0 0 0 0 0 0 0 0 0 0 0 0 0 0 0 0 0 0 0 0 0 0 0 0 0 0 0 0 0 0 0 0 0 0 0 0 0 0 0 0 0 0 0 0 0 0 0 0 0 0 -0.0833333 0 0 0 -0.0833333 -0.0833333 0 0 0 0 0 0 0 0 0 0 0 0 0 0 0 0 0 0 0.333333 0 0 0 0 0 -0.0833333 0 0 0 0 0 0 0 0 0 0 0 0 0 0 0 0 0 0 
0 0 0 0 0 0 0 0 0 0 0 0 0 0 0 0 0 0 0 0 0 0 0 0 0 0 0 0 0 0 0 0 0 0 0 0 0 0 0 0 0 0 0 0 0 0 0 0 0 0 0 0 0 0 0 0 0 0 0 0 0 0 0 0 0 0 0 0 0 0 0 0 0 0 0 -0.0833333 -0.0833333 -0.0833333 0 0 -0.0833333 -0.291667 -0.125 0 0 0 0 0 0 0 0 0 0 0 0 0 0 0 0 0 0 0.833333 0.166667 0 0 -0.0833333 -0.0833333 -0.0833333 0 0 0 0 0 0 0 0 0 0 0 0 0 0 0 0 0 
0 0 0 0 0 0 0 0 0 0 0 0 0 0 0 0 0 0 0 0 0 0 0 0 0 0 0 0 0 0 0 0 0 0 0 0 0 0 0 0 0 0 0 0 0 0 0 0 0 0 0 0 0 0 0 0 0 0 0 0 0 0 0 0 0 0 0 0 0 0 0 0 0 0 0 0 -0.0833333 -0.166667 -0.0833333 0 0 -0.125 -0.416667 -0.125 0 0 0 0 0 0 0 0 0 0 0 0 0 0 0 0 0 0.166667 1 0.166667 0 0 -0.0833333 -0.166667 -0.0833333 0 0 0 0 0 0 0 0 0 0 0 0 0 0 0 0 
0 0 0 0 0 0 0 0 0 0 0 0 0 0 0 0 0 0 0 0 0 0 0 0 0 0 0 0 0 0 0 0 0 0 0 0 0 0 0 0 0 0 0 0 0 0 0 0 0 0 0 0 0 0 0 0 0 0 0 0 0 0 0 0 0 0 0 0 0 0 0 0 0 0 0 0 0 -0.0833333 -0.0833333 -0.0833333 0 0 -0.125 -0.291667 -0.0833333 0 0 0 0 0 0 0 0 0 0 0 0 0 0 0 0 0 0.166667 0.833333 0 0 0 -0.0833333 -0.0833333 -0.0833333 0 0 0 0 0 0 0 0 0 0 0 0 0 0 0 
0 0 0 0 0 0 0 0 0 0 0 0 0 0 0 0 0 0 0 0 0 0 0 0 0 0 0 0 0 0 0 0 0 0 0 0 0 0 0 0 0 0 0 0 0 0 0 0 0 0 0 0 0 0 0 0 0 0 0 0 0 0 0 0 0 0 0 0 0 0 0 0 0 0 0 0 0 0 -0.0833333 0 0 0 0 -0.0833333 -0.0833333 0 0 0 0 0 0 0 0 0 0 0 0 0 0 0 0 0 0 0 0.333333 0 0 0 -0.0833333 0 0 0 0 0 0 0 0 0 0 0 0 0 0 0 0 
0 0 0 0 0 0 0 0 0 0 0 0 0 0 0 0 0 0 0 0 0 0 0 0 0 0 0 0 0 0 0 0 0 0 0 0 0 0 0 0 0 0 0 0 0 0 0 0 0 0 0 0 0 0 0 0 0 0 0 0 0 0 0 0 0 0 0 0 0 0 0 0 0 0 0 -0.0833333 -0.0833333 0 0 0 0 -0.166667 0 0 0 -0.0833333 -0.0833333 0 0 0 0 0 0 0 0 0 0 0 0 0 0 -0.0833333 0 0 0 0.666667 0 0 0 0 0 -0.0833333 0 0 0 0 0 0 0 0 0 0 0 0 0 
0 0 0 0 0 0 0 0 0 0 0 0 0 0 0 0 0 0 0 0 0 0 0 0 0 0 0 0 0 0 0 0 0 0 0 0 0 0 0 0 0 0 0 0 0 0 0 0 0 0 0 0 0 0 0 0 0 0 0 0 0 0 0 0 0 0 0 0 0 0 0 0 0 0 0 -0.0833333 -0.291667 -0.125 0 0 -0.166667 -0.166667 -0.166667 0 0 -0.0833333 -0.291667 -0.125 0 0 0 0 0 0 0 0 0 0 0 0 -0.0833333 -0.0833333 -0.0833333 0 0 0 1.66667 0.333333 0 0 -0.0833333 -0.0833333 -0.0833333 0 0 0 0 0 0 0 0 0 0 0 0 
0 0 0 0 0 0 0 0 0 0 0 0 0 0 0 0 0 0 0 0 0 0 0 0 0 0 0 0 0 0 0 0 0 0 0 0 0 0 0 0 0 0 0 0 0 0 0 0 0 0 0 0 0 0 0 0 0 0 0 0 0 0 0 0 0 0 0 0 0 0 0 0 0 0 0 0 -0.125 -0.416667 -0.125 0 0 -0.166667 -0.333333 -0.166667 0 0 -0.125 -0.416667 -0.125 0 0 0 0 0 0 0 0 0 0 0 0 -0.0833333 -0.166667 -0.0833333 0 0 0.333333 2 0.333333 0 0 -0.0833333 -0.166667 -0.0833333 0 0 0 0 0 0 0 0 0 0 0 
0 0 0 0 0 0 0 0 0 0 0 0 0 0 0 0 0 0 0 0 0 0 0 0 0 0 0 0 0 0 0 0 0 0 0 0 0 0 0 0 0 0 0 0 0 0 0 0 0 0 0 0 0 0 0 0 0 0 0 0 0 0 0 0 0 0 0 0 0 0 0 0 0 0 0 0 0 -0.125 -0.291667 -0.0833333 0 0 -0.166667 -0.166667 -0.166667 0 0 -0.125 -0.291667 -0.0833333 0 0 0 0 0 0 0 0 0 0 0 0 -0.0833333 -0.0833333 -0.0833333 0 0 0.333333 1.66667 0 0 0 -0.0833333 -0.0833333 -0.0833333 0 0 0 0 0 0 0 0 0 0 
0 0 0 0 0 0 0 0 0 0 0 0 0 0 0 0 0 0 0 0 0 0 0 0 0 0 0 0 0 0 0 0 0 0 0 0 0 0 0 0 0 0 0 0 0 0 0 0 0 0 0 0 0 0 0 0 0 0 0 0 0 0 0 0 0 0 0 0 0 0 0 0 0 0 0 0 0 0 -0.0833333 -0.0833333 0 0 0 -0.166667 0 0 0 0 -0.0833333 -0.0833333 0 0 0 0 0 0 0 0 0 0 0 0 0 -0.0833333 0 0 0 0 0 0.666667 0 0 0 -0.0833333 0 0 0 0 0 0 0 0 0 0 0 
0 0 0 0 0 0 0 0 0 0 0 0 0 0 0 0 0 0 0 0 0 0 0 0 0 0 0 0 0 0 0 0 0 0 0 0 0 0 0 0 0 0 0 0 0 0 0 0 0 0 0 0 0 0 0 0 0 0 0 0 0 0 0 0 0 0 0 0 0 0 0 0 0 0 0 0 0 0 0 0 -0.0833333 -0.0833333 0 0 0 0 -0.166667 0 0 0 -0.0833333 -0.0833333 0 0 0 0 0 0 0 0 0 0 0 0 0 0 -0.0833333 0 0 0 0.666667 0 0 0 0 0 -0.0833333 0 0 0 0 0 0 0 0 
0 0 0 0 0 0 0 0 0 0 0 0 0 0 0 0 0 0 0 0 0 0 0 0 0 0 0 0 0 0 0 0 0 0 0 0 0 0 0 0 0 0 0 0 0 0 0 0 0 0 0 0 0 0 0 0 0 0 0 0 0 0 0 0 0 0 0 0 0 0 0 0 0 0 0 0 0 0 0 0 -0.0833333 -0.291667 -0.125 0 0 -0.166667 -0.166667 -0.166667 0 0 -0.0833333 -0.291667 -0.125 0 0 0 0 0 0 0 0 0 0 0 0 -0.0833333 -0.0833333 -0.0833333 0 0 0 1.66667 0.333333 0 0 -0.0833333 -0.0833333 -0.0833333 0 0 0 0 0 0 0 
0 0 0 0 0 0 0 0 0 0 0 0 0 0 0 0 0 0 0 0 0 0 0 0 0 0 0 0 0 0 0 0 0 0 0 0 0 0 0 0 0 0 0 0 0 0 0 0 0 0 0 0 0 0 0 0 0 0 0 0 0 0 0 0 0 0 0 0 0 0 0 0 0 0 0 0 0 0 0 0 0 -0.125 -0.416667 -0.125 0 0 -0.166667 -0.333333 -0.166667 0 0 -0.125 -0.416667 -0.125 0 0 0 0 0 0 0 0 0 0 0 0 -0.0833333 -0.166667 -0.0833333 0 0 0.333333 2 0.333333 0 0 -0.0833333 -0.166667 -0.0833333 0 0 0 0 0 0 
0 0 0 0 0 0 0 0 0 0 0 0 0 0 0 0 0 0 0 0 0 0 0 0 0 0 0 0 0 0 0 0 0 0 0 0 0 0 0 0 0 0 0 0 0 0 0 0 0 0 0 0 0 0 0 0 0 0 0 0 0 0 0 0 0 0 0 0 0 0 0 0 0 0 0 0 0 0 0 0 0 0 -0.125 -0.291667 -0.0833333 0 0 -0.166667 -0.166667 -0.166667 0 0 -0.125 -0.291667 -0.0833333 0 0 0 0 0 0 0 0 0 0 0 0 -0.0833333 -0.0833333 -0.0833333 0 0 0.333333 1.66667 0 0 0 -0.0833333 -0.0833333 -0.0833333 0 0 0 0 0 
0 0 0 0 0 0 0 0 0 0 0 0 0 0 0 0 0 0 0 0 0 0 0 0 0 0 0 0 0 0 0 0 0 0 0 0 0 0 0 0 0 0 0 0 0 0 0 0 0 0 0 0 0 0 0 0 0 0 0 0 0 0 0 0 0 0 0 0 0 0 0 0 0 0 0 0 0 0 0 0 0 0 0 -0.0833333 -0.0833333 0 0 0 -0.166667 0 0 0 0 -0.0833333 -0.0833333 0 0 0 0 0 0 0 0 0 0 0 0 0 -0.0833333 0 0 0 0 0 0.666667 0 0 0 -0.0833333 0 0 0 0 0 0 
0 0 0 0 0 0 0 0 0 0 0 0 0 0 0 0 0 0 0 0 0 0 0 0 0 0 0 0 0 0 0 0 0 0 0 0 0 0 0 0 0 0 0 0 0 0 0 0 0 0 0 0 0 0 0 0 0 0 0 0 0 0 0 0 0 0 0 0 0 0 0 0 0 0 0 0 0 0 0 0 0 0 0 0 0 -0.0833333 -0.0833333 0 0 0 0 -0.166667 0 0 0 -0.0833333 -0.0833333 0 0 0 0 0 0 0 0 0 0 0 0 0 0 -0.0833333 0 0 0 0.666667 0 0 0 0 0 -0.0833333 0 0 0 
0 0 0 0 0 0 0 0 0 0 0 0 0 0 0 0 0 0 0 0 0 0 0 0 0 0 0 0 0 0 0 0 0 0 0 0 0 0 0 0 0 0 0 0 0 0 0 0 0 0 0 0 0 0 0 0 0 0 0 0 0 0 0 0 0 0 0 0 0 0 0 0 0 0 0 0 0 0 0 0 0 0 0 0 0 -0.0833333 -0.291667 -0.125 0 0 -0.166667 -0.166667 -0.166667 0 0 -0.0833333 -0.291667 -0.125 0 0 0 0 0 0 0 0 0 0 0 0 -0.0833333 -0.0833333 -0.0833333 0 0 0 1.66667 0.333333 0 0 -0.0833333 -0.0833333 -0.0833333 0 0 
0 0 0 0 0 0 0 0 0 0 0 0 0 0 0 0 0 0 0 0 0 0 0 0 0 0 0 0 0 0 0 0 0 0 0 0 0 0 0 0 0 0 0 0 0 0 0 0 0 0 0 0 0 0 0 0 0 0 0 0 0 0 0 0 0 0 0 0 0 0 0 0 0 0 0 0 0 0 0 0 0 0 0 0 0 0 -0.125 -0.416667 -0.125 0 0 -0.166667 -0.333333 -0.166667 0 0 -0.125 -0.416667 -0.125 0 0 0 0 0 0 0 0 0 0 0 0 -0.0833333 -0.166667 -0.0833333 0 0 0.333333 2 0.333333 0 0 -0.0833333 -0.166667 -0.0833333 0 
0 0 0 0 0 0 0 0 0 0 0 0 0 0 0 0 0 0 0 0 0 0 0 0 0 0 0 0 0 0 0 0 0 0 0 0 0 0 0 0 0 0 0 0 0 0 0 0 0 0 0 0 0 0 0 0 0 0 0 0 0 0 0 0 0 0 0 0 0 0 0 0 0 0 0 0 0 0 0 0 0 0 0 0 0 0 0 -0.125 -0.291667 -0.0833333 0 0 -0.166667 -0.166667 -0.166667 0 0 -0.125 -0.291667 -0.0833333 0 0 0 0 0 0 0 0 0 0 0 0 -0.0833333 -0.0833333 -0.0833333 0 0 0.333333 1.66667 0 0 0 -0.0833333 -0.0833333 -0.0833333 
0 0 0 0 0 0 0 0 0 0 0 0 0 0 0 0 0 0 0 0 0 0 0 0 0 0 0 0 0 0 0 0 0 0 0 0 0 0 0 0 0 0 0 0 0 0 0 0 0 0 0 0 0 0 0 0 0 0 0 0 0 0 0 0 0 0 0 0 0 0 0 0 0 0 0 0 0 0 0 0 0 0 0 0 0 0 0 0 -0.0833333 -0.0833333 0 0 0 -0.166667 0 0 0 0 -0.0833333 -0.0833333 0 0 0 0 0 0 0 0 0 0 0 0 0 -0.0833333 0 0 0 0 0 0.666667 0 0 0 -0.0833333 0 
0 0 0 0 0 0 0 0 0 0 0 0 0 0 0 0 0 0 0 0 0 0 0 0 0 0 0 0 0 0 0 0 0 0 0 0 0 0 0 0 0 0 0 0 0 0 0 0 0 0 0 0 0 0 0 0 0 0 0 0 0 0 0 0 0 0 0 0 0 0 0 0 0 0 0 0 0 0 0 0 0 0 0 0 0 0 0 0 0 0 -0.0833333 -0.0833333 0 0 0 0 -0.0833333 0 0 0 0 0 0 0 0 0 0 0 0 0 0 0 0 0 0 0 -0.0833333 0 0 0 0.333333 0 0 0 0 
0 0 0 0 0 0 0 0 0 0 0 0 0 0 0 0 0 0 0 0 0 0 0 0 0 0 0 0 0 0 0 0 0 0 0 0 0 0 0 0 0 0 0 0 0 0 0 0 0 0 0 0 0 0 0 0 0 0 0 0 0 0 0 0 0 0 0 0 0 0 0 0 0 0 0 0 0 0 0 0 0 0 0 0 0 0 0 0 0 0 -0.0833333 -0.291667 -0.125 0 0 -0.0833333 -0.0833333 -0.0833333 0 0 0 0 0 0 0 0 0 0 0 0 0 0 0 0 0 -0.0833333 -0.0833333 -0.0833333 0 0 0 0.833333 0.166667 0 0 
0 0 0 0 0 0 0 0 0 0 0 0 0 0 0 0 0 0 0 0 0 0 0 0 0 0 0 0 0 0 0 0 0 0 0 0 0 0 0 0 0 0 0 0 0 0 0 0 0 0 0 0 0 0 0 0 0 0 0 0 0 0 0 0 0 0 0 0 0 0 0 0 0 0 0 0 0 0 0 0 0 0 0 0 0 0 0 0 0 0 0 -0.125 -0.416667 -0.125 0 0 -0.0833333 -0.166667 -0.0833333 0 0 0 0 0 0 0 0 0 0 0 0 0 0 0 0 0 -0.0833333 -0.166667 -0.0833333 0 0 0.166667 1 0.166667 0 
0 0 0 0 0 0 0 0 0 0 0 0 0 0 0 0 0 0 0 0 0 0 0 0 0 0 0 0 0 0 0 0 0 0 0 0 0 0 0 0 0 0 0 0 0 0 0 0 0 0 0 0 0 0 0 0 0 0 0 0 0 0 0 0 0 0 0 0 0 0 0 0 0 0 0 0 0 0 0 0 0 0 0 0 0 0 0 0 0 0 0 0 -0.125 -0.291667 -0.0833333 0 0 -0.0833333 -0.0833333 -0.0833333 0 0 0 0 0 0 0 0 0 0 0 0 0 0 0 0 0 -0.0833333 -0.0833333 -0.0833333 0 0 0.166667 0.833333 0 
0 0 0 0 0 0 0 0 0 0 0 0 0 0 0 0 0 0 0 0 0 0 0 0 0 0 0 0 0 0 0 0 0 0 0 0 0 0 0 0 0 0 0 0 0 0 0 0 0 0 0 0 0 0 0 0 0 0 0 0 0 0 0 0 0 0 0 0 0 0 0 0 0 0 0 0 0 0 0 0 0 0 0 0 0 0 0 0 0 0 0 0 0 -0.0833333 -0.0833333 0 0 0 -0.0833333 0 0 0 0 0 0 0 0 0 0 0 0 0 0 0 0 0 0 0 -0.0833333 0 0 0 0 0 0.333333 
