0
29.005
55.5357
79.8031
102
122.304
140.875
157.862
173.4
187.613
200.613
212.504
223.38
233.329
242.429
250.753
258.367
265.331
271.701
277.527
282.857
287.732
292.191
296.269
300
305.663
311.711
318.168
325.063
332.425
340.286
348.681
357.644
367.215
377.435
388.348
400
412.985
424.861
435.725
445.662
454.751
463.065
470.67
477.626
483.988
489.808
495.131
500
502.832
505.855
509.084
512.531
516.212
520.143
524.34
528.822
533.608
538.717
544.174
550
556.492
562.431
567.863
572.831
577.376
581.533
585.335
588.813
591.994
594.904
597.565
600
603.543
607.326
611.365
615.679
620.285
625.203
630.454
636.061
642.049
648.442
655.269
662.559
670.342
678.654
687.529
697.005
707.124
717.929
729.466
741.785
754.94
768.986
783.985
800
